2.511611816406250000e+03 -8.009367675781250000e+02 -3.994140625000000000e+00 -9.702148437500000000e+00
2.511185791015625000e+03 -8.019332275390625000e+02 -4.260253906250000000e+00 -9.964599609375000000e+00
2.510773925781250000e+03 -8.028978271484375000e+02 -4.118652343750000000e+00 -9.645996093750000000e+00
2.510353759765625000e+03 -8.038563232421875000e+02 -4.201660156250000000e+00 -9.584960937500000000e+00
2.509935058593750000e+03 -8.048107299804687500e+02 -4.187011718750000000e+00 -9.544067382812500000e+00
2.509518554687500000e+03 -8.057390747070312500e+02 -4.165039062500000000e+00 -9.283447265625000000e+00
2.509094482421875000e+03 -8.066852416992187500e+02 -4.240722656250000000e+00 -9.461669921875000000e+00
2.508670898437500000e+03 -8.076160888671875000e+02 -4.235839843750000000e+00 -9.308471679687500000e+00
2.508261718750000000e+03 -8.084936523437500000e+02 -4.091796875000000000e+00 -8.775634765625000000e+00
2.507836181640625000e+03 -8.094088134765625000e+02 -4.255371093750000000e+00 -9.151611328125000000e+00
2.507421875000000000e+03 -8.103002929687500000e+02 -4.143066406250000000e+00 -8.914794921875000000e+00
2.507004394531250000e+03 -8.111760253906250000e+02 -4.174804687500000000e+00 -8.757324218750000000e+00
2.506597900390625000e+03 -8.120253295898437500e+02 -4.064941406250000000e+00 -8.493041992187500000e+00
2.506191650390625000e+03 -8.128713378906250000e+02 -4.062500000000000000e+00 -8.460083007812500000e+00
2.505787841796875000e+03 -8.137007446289062500e+02 -4.038085937500000000e+00 -8.294067382812500000e+00
2.505380126953125000e+03 -8.145259399414062500e+02 -4.077148437500000000e+00 -8.251953125000000000e+00
2.504982666015625000e+03 -8.153192138671875000e+02 -3.974609375000000000e+00 -7.932739257812500000e+00
2.504583740234375000e+03 -8.161148071289062500e+02 -3.989257812500000000e+00 -7.955932617187500000e+00
2.504195800781250000e+03 -8.168757324218750000e+02 -3.879394531250000000e+00 -7.609252929687500000e+00
2.503802734375000000e+03 -8.176347045898437500e+02 -3.930664062500000000e+00 -7.589721679687500000e+00
2.503415283203125000e+03 -8.183804931640625000e+02 -3.874511718750000000e+00 -7.457885742187500000e+00
2.503035644531250000e+03 -8.190988769531250000e+02 -3.796386718750000000e+00 -7.183837890625000000e+00
2.502660644531250000e+03 -8.198171997070312500e+02 -3.750000000000000000e+00 -7.183227539062500000e+00
2.502288574218750000e+03 -8.205177001953125000e+02 -3.720703125000000000e+00 -7.005004882812500000e+00
2.501928222656250000e+03 -8.211907958984375000e+02 -3.603515625000000000e+00 -6.730957031250000000e+00
2.501573242187500000e+03 -8.218452758789062500e+02 -3.549804687500000000e+00 -6.544799804687500000e+00
2.501226562500000000e+03 -8.224833374023437500e+02 -3.466796875000000000e+00 -6.380615234375000000e+00
2.500888916015625000e+03 -8.230949707031250000e+02 -3.376464843750000000e+00 -6.116333007812500000e+00
2.500557128906250000e+03 -8.236835937500000000e+02 -3.317871093750000000e+00 -5.886230468750000000e+00
2.500237548828125000e+03 -8.242501831054687500e+02 -3.195800781250000000e+00 -5.665893554687500000e+00
2.499933837890625000e+03 -8.247968750000000000e+02 -3.037109375000000000e+00 -5.466918945312500000e+00
2.499623535156250000e+03 -8.253388061523437500e+02 -3.103027343750000000e+00 -5.419311523437500000e+00
2.499334960937500000e+03 -8.258388061523437500e+02 -2.885742187500000000e+00 -5.000000000000000000e+00
2.499045410156250000e+03 -8.263311767578125000e+02 -2.895507812500000000e+00 -4.923706054687500000e+00
2.498773437500000000e+03 -8.267905273437500000e+02 -2.719726562500000000e+00 -4.593505859375000000e+00
2.498501220703125000e+03 -8.272465209960937500e+02 -2.722167968750000000e+00 -4.559936523437500000e+00
2.498251953125000000e+03 -8.276596679687500000e+02 -2.492675781250000000e+00 -4.131469726562500000e+00
2.498003417968750000e+03 -8.280703125000000000e+02 -2.485351562500000000e+00 -4.106445312500000000e+00
2.497763916015625000e+03 -8.284598388671875000e+02 -2.395019531250000000e+00 -3.895263671875000000e+00
2.497544921875000000e+03 -8.288185424804687500e+02 -2.189941406250000000e+00 -3.587036132812500000e+00
2.497331298828125000e+03 -8.291636352539062500e+02 -2.136230468750000000e+00 -3.450927734375000000e+00
2.497122802734375000e+03 -8.294976196289062500e+02 -2.084960937500000000e+00 -3.339843750000000000e+00
2.496914550781250000e+03 -8.298312988281250000e+02 -2.082519531250000000e+00 -3.336791992187500000e+00
2.496723388671875000e+03 -8.301257324218750000e+02 -1.911621093750000000e+00 -2.944335937500000000e+00
2.496547119140625000e+03 -8.303961791992187500e+02 -1.762695312500000000e+00 -2.704467773437500000e+00
2.496351318359375000e+03 -8.306900024414062500e+02 -1.958007812500000000e+00 -2.938232421875000000e+00
2.496173828125000000e+03 -8.309491577148437500e+02 -1.774902343750000000e+00 -2.591552734375000000e+00
2.496010498046875000e+03 -8.311922607421875000e+02 -1.633300781250000000e+00 -2.431030273437500000e+00
2.495840820312500000e+03 -8.314373168945312500e+02 -1.696777343750000000e+00 -2.450561523437500000e+00
2.495684814453125000e+03 -8.316552124023437500e+02 -1.560058593750000000e+00 -2.178955078125000000e+00
2.495538574218750000e+03 -8.318596801757812500e+02 -1.462402343750000000e+00 -2.044677734375000000e+00
2.495385742187500000e+03 -8.320737304687500000e+02 -1.528320312500000000e+00 -2.140502929687500000e+00
2.495248535156250000e+03 -8.322613525390625000e+02 -1.372070312500000000e+00 -1.876220703125000000e+00
2.495130859375000000e+03 -8.324210815429687500e+02 -1.176757812500000000e+00 -1.597290039062500000e+00
2.495041015625000000e+03 -8.325416870117187500e+02 -8.984375000000000000e-01 -1.206054687500000000e+00
2.494946777343750000e+03 -8.326692504882812500e+02 -9.423828125000000000e-01 -1.275634765625000000e+00
2.494868896484375000e+03 -8.327781982421875000e+02 -7.788085937500000000e-01 -1.089477539062500000e+00
2.494803222656250000e+03 -8.328613281250000000e+02 -6.567382812500000000e-01 -8.312988281250000000e-01
2.494756835937500000e+03 -8.329197998046875000e+02 -4.638671875000000000e-01 -5.847167968750000000e-01
2.494697753906250000e+03 -8.329865722656250000e+02 -5.908203125000000000e-01 -6.677246093750000000e-01
2.494660888671875000e+03 -8.330328979492187500e+02 -3.686523437500000000e-01 -4.632568359375000000e-01
2.494615478515625000e+03 -8.330889892578125000e+02 -4.541015625000000000e-01 -5.609130859375000000e-01
2.494583496093750000e+03 -8.331336669921875000e+02 -3.198242187500000000e-01 -4.467773437500000000e-01
2.494564941406250000e+03 -8.331550903320312500e+02 -1.855468750000000000e-01 -2.142333984375000000e-01
2.494550292968750000e+03 -8.331751098632812500e+02 -1.464843750000000000e-01 -2.001953125000000000e-01
2.494526611328125000e+03 -8.332024536132812500e+02 -2.368164062500000000e-01 -2.734375000000000000e-01
2.494513183593750000e+03 -8.332271728515625000e+02 -1.342773437500000000e-01 -2.471923828125000000e-01
2.494498779296875000e+03 -8.332384643554687500e+02 -1.440429687500000000e-01 -1.129150390625000000e-01
2.494487792968750000e+03 -8.332553710937500000e+02 -1.098632812500000000e-01 -1.690673828125000000e-01
2.494486572265625000e+03 -8.332589721679687500e+02 -1.220703125000000000e-02 -3.601074218750000000e-02
2.494479980468750000e+03 -8.332673950195312500e+02 -6.591796875000000000e-02 -8.422851562500000000e-02
2.494481933593750000e+03 -8.332696533203125000e+02 1.953125000000000000e-02 -2.258300781250000000e-02
2.494477050781250000e+03 -8.332770996093750000e+02 -4.882812500000000000e-02 -7.446289062500000000e-02
2.494471679687500000e+03 -8.332865600585937500e+02 -5.371093750000000000e-02 -9.460449218750000000e-02
2.494474853515625000e+03 -8.332839355468750000e+02 3.173828125000000000e-02 2.624511718750000000e-02
2.494470214843750000e+03 -8.332901000976562500e+02 -4.638671875000000000e-02 -6.164550781250000000e-02
2.494469970703125000e+03 -8.332862548828125000e+02 -2.441406250000000000e-03 3.845214843750000000e-02
2.494476318359375000e+03 -8.332843017578125000e+02 6.347656250000000000e-02 1.953125000000000000e-02
2.494473632812500000e+03 -8.332891235351562500e+02 -2.685546875000000000e-02 -4.821777343750000000e-02
2.494472656250000000e+03 -8.332924804687500000e+02 -9.765625000000000000e-03 -3.356933593750000000e-02
